00000000: 10011110 11111011 00110111 11010010 11011001 00001101  ..7...
00000006: 00001011 00111000 00111011 00001101 10111100 11101110  .8;...
0000000c: 00111110 10100010 11100101 01001010 00011111 10010100  >..J..
00000012: 11100101 11001111 11100100 10110100 01110100 11010011  ....t.
00000018: 10101000 00101010 01110100 10000111 01100100 10001110  .*t.d.
0000001e: 01110100 10110101 01101000 10110001 11101110 00000110  t.h...
00000024: 01011000 01010000 00010000 00001000 00010010 10001000  XP....
0000002a: 00011010 01001000 10100011 01111100 11011111 11101100  .H.|..
00000030: 01001100 01000011 11111110 11010001 01111100 11111011  LC..|.
00000036: 11001100 11100011 11110100 00101000 00000010 01100001  ...(.a
0000003c: 00101100 10001011 01100111 11000000 00110111 00001011  ,.g.7.
00000042: 11011100 00100101 11100111 01111111 00101111 10110010  .%../.
00000048: 10000101 00111101 10010101 11001001 01010010 11000110  .=..R.
0000004e: 10100011 10110010 10010011 11101010 11101110 00101110  ......
00000054: 10101011 10000101 11100000 00101000 01111011 00111011  ...({;
0000005a: 10101010 01110011 01111001 11001001 00011001 11111000  .sy...
00000060: 11001101 11110101 11010110 01101000 01011011 00100111  ...h['
00000066: 11100110 01110101 01011100 01010110 11011111 01011101  .u\V.]
0000006c: 11100000 11101011 11111010 00011100 00010001 10111110  ......
00000072: 10110111 11000101 11000101 10000011 10110111 10001111  ......
00000078: 10000010 10111101 01100010 11001010 01010100 00100101  ..b.T%
0000007e: 00010001 00001101 00100011 00001010 01101100 01011011  ..#.l[
00000084: 00101111 10001101 01000011 00001111 10111011 10101011  /.C...
0000008a: 00110110 11100010 00001011 11011011 10010011 01001100  6....L
00000090: 11011011 01110011 10010100 10010100 11100011 11001000  .s....
00000096: 11010100 00001101 01010000 00010110 00000000 01001100  ..P..L
0000009c: 11100001 11111000 01101001 00011100 01110010 11101111  ..i.r.
000000a2: 10010011 01111100 11100001 10001000 01010111 00100101  .|..W%
000000a8: 11010000 01011000 11110100 00001101 00011011 01100100  .X...d
000000ae: 11100100 00011111 10011100 10001011 01100111 00111100  ....g<
000000b4: 01010100 00000011 10011101 01001111 10100000 10110010  T..O..
000000ba: 10000011 10100001 11010110 01111110 11101011 10000011  ...~..
000000c0: 01000110 01001100 11101000 00101001 11110010 10100111  FL.)..
000000c6: 00000010 10111011 01101001 11011100 10111011 11001000  ..i...
000000cc: 01001101 11001001 01101101 01000100 11100010 01100011  M.mD.c
000000d2: 11100000 11111010 00011011 00111000 01110011 00010010  ...8s.
000000d8: 11101101 10010010 00000011 00000111 00111101 10001100  ....=.
000000de: 11110010 01001110 00010000 10001010 10000000 00100010  .N..."
000000e4: 00100111 10000100 00110101 01110110 10101101 11101011  '.5v..
000000ea: 01001111 11001111 10001000 11010010 10010101 01110001  O....q
000000f0: 01101001 01011101 00000001 01101101 10000011 00010010  i].m..
000000f6: 11011111 01000101 00000100 11101001 10100101 01001001  .E...I
000000fc: 00110110 01111100 11000011 11000010 00000000 00011110  6|....
00000102: 01111011 11000110 01001011 11001101 11001011 00100010  {.K.."
00000108: 11001011 10011000 01011100 00011000 10100001 01001110  ..\..N
0000010e: 00110100 10110111 10010000 11000111 01111100 01110111  4...|w
00000114: 11011101 10111100 11111110 00110111 00001010 01100000  ...7.`
0000011a: 11101011 11101101 00110001 10010100 11100011 01111110  ..1..~
00000120: 01011001 00000001 00100101 00000010 10010001 01010110  Y.%..V
00000126: 00111101 01000001 00111000 10010010 01101010 00100010  =A8.j"
